(1,1),(1,2),(2,1):11
(1,3),(2,3),(3,3),(3,4):16
(1,4),(1,5):15
(1,6),(1,7):5
(1,8),(2,8):10
(1,9),(2,9):12
(2,2),(3,2):10
(2,4),(2,5):8
(2,6),(2,7):15
(3,1),(4,1),(5,1):20
(3,5),(4,5),(5,5),(6,5),(7,5):21
(3,6),(3,7):11
(3,8),(3,9),(4,8),(4,9):18
(4,2),(5,2):17
(4,3),(5,3):8
(4,4),(5,4):7
(4,6),(4,7):15
(5,6),(6,6):13
(5,7),(6,7):5
(5,8),(6,8):7
(5,9),(6,9),(7,9):17
(6,1),(6,2),(7,1),(7,2):14
(6,3),(6,4):12
(7,3),(7,4):11
(7,6),(7,7),(8,7),(9,7):22
(7,8),(8,8):10
(8,1),(9,1):15
(8,2),(9,2):3
(8,3),(8,4):13
(8,5),(8,6):12
(8,9),(9,8),(9,9):16
(9,3),(9,4):10
(9,5),(9,6):6
